(871, 838)
(871, 838)
(871, 838)
(871, 838)
(871, 838)
(871, 838)
(871, 838)
(871, 838)
(871, 838)
(871, 838)
(871, 838)
(871, 838)
(871, 838)
(871, 838)
(871, 838)
(871, 838)
(871, 838)
(871, 838)
(871, 838)
(871, 838)
(871, 838)
(871, 838)
(871, 838)
(871, 838)
(871, 838)
(871, 838)
(871, 838)
(871, 838)
(871, 838)
(871, 838)
(871, 838)
(871, 838)
(871, 838)
(871, 838)
(958, 711)
(958, 711)
(958, 711)
(958, 711)
(958, 711)
(958, 711)
(958, 711)
(958, 711)
(958, 711)
(958, 711)
(958, 711)
(958, 711)
(958, 711)
(958, 711)
(958, 711)
(958, 711)
(958, 711)
(958, 711)
(958, 711)
(958, 711)
(958, 711)
(958, 711)
(958, 711)
(958, 711)
(958, 711)
(958, 711)
(958, 711)
(958, 711)
(958, 711)
(958, 711)
(958, 711)
(958, 711)
(958, 711)
(958, 711)
(958, 711)
(958, 711)
(958, 711)
(958, 711)
(1008, 707)
(1008, 707)
(1008, 707)
(1008, 707)
(1008, 707)
(1008, 707)
(1008, 707)
(1008, 707)
(1008, 707)
(1008, 707)
(1008, 707)
(1008, 707)
(1008, 707)
(1008, 707)
(1008, 707)
(1008, 707)
(1008, 707)
(1008, 707)
(1008, 707)
(1008, 707)
(1008, 707)
(1008, 707)
(1008, 707)
(1008, 707)
(1008, 707)
(1008, 707)
(1008, 707)
(1008, 707)
(1008, 707)
(1008, 707)
(1008, 707)
(1008, 707)
(1008, 707)
(1008, 707)
(1008, 707)
(1008, 707)
(1008, 707)
(1008, 707)
(1008, 707)
(1008, 707)
(741, 749)
(741, 749)
(741, 749)
(741, 749)
(741, 749)
(741, 749)
(741, 749)
(741, 749)
(741, 749)
(741, 749)
(741, 749)
(741, 749)
(741, 749)
(741, 749)
(741, 749)
(741, 749)
(741, 749)
(741, 749)
(741, 749)
(741, 749)
(741, 749)
(741, 749)
(741, 749)
(741, 749)
(741, 749)
(741, 749)
(741, 749)
(741, 749)
(741, 749)
(741, 749)
(741, 749)
(741, 749)
(741, 749)
(967, 772)
(967, 772)
(967, 772)
(967, 772)
(967, 772)
(967, 772)
(967, 772)
(967, 772)
(967, 772)
(967, 772)
(967, 772)
(967, 772)
(967, 772)
(967, 772)
(967, 772)
(967, 772)
(967, 772)
(967, 772)
(967, 772)
(967, 772)
(967, 772)
(967, 772)
(967, 772)
(967, 772)
(967, 772)
(967, 772)
(967, 772)
(967, 772)
(967, 772)
(967, 772)
(856, 768)
(856, 768)
(856, 768)
(856, 768)
(856, 768)
(856, 768)
(856, 768)
(856, 768)
(856, 768)
(856, 768)
(856, 768)
(856, 768)
(856, 768)
(856, 768)
(856, 768)
(856, 768)
(856, 768)
(856, 768)
(856, 768)
(856, 768)
(856, 768)
(856, 768)
(856, 768)
(856, 768)
(856, 768)
(856, 768)
(856, 768)
(856, 768)
(856, 768)
(856, 768)
(856, 768)
(856, 768)
(856, 768)
(856, 768)
(856, 768)
(856, 768)
(1215, 1042)
(1215, 1042)
(1215, 1042)
(1215, 1042)
(1215, 1042)
(1215, 1042)
(1215, 1042)
(1215, 1042)
(1215, 1042)
(1215, 1042)
(1215, 1042)
(1215, 1042)
(1215, 1042)
(1215, 1042)
(1215, 1042)
(1215, 1042)
(1215, 1042)
(1215, 1042)
(1215, 1042)
(1215, 1042)
(1215, 1042)
(1215, 1042)
(1215, 1042)
(1215, 1042)
(1215, 1042)
(1215, 1042)
(1215, 1042)
(1215, 1042)
(1215, 1042)
(1215, 1042)
(1215, 1042)
(1215, 1042)
(1215, 1042)
(1215, 1042)
(1215, 1042)
(1215, 1042)
(1215, 1042)
(1215, 1042)
(1215, 1042)
(1215, 1042)
(1159, 1097)
(1159, 1097)
(1159, 1097)
(1159, 1097)
(1159, 1097)
(1159, 1097)
(1159, 1097)
(1159, 1097)
(1159, 1097)
(1159, 1097)
(1159, 1097)
(1159, 1097)
(1159, 1097)
(1159, 1097)
(1159, 1097)
(1159, 1097)
(1159, 1097)
(1159, 1097)
(1159, 1097)
(1159, 1097)
(1159, 1097)
(1159, 1097)
(1159, 1097)
(1159, 1097)
(1159, 1097)
(1159, 1097)
(1159, 1097)
(1159, 1097)
(1159, 1097)
(1159, 1097)
(1159, 1097)
(1159, 1097)
(1159, 1097)
(1159, 1097)
(1159, 1097)
(1159, 1097)
(1159, 1097)
(1159, 1097)
(1159, 1097)
(1159, 1097)
(1080, 1061)
(1080, 1061)
(1080, 1061)
(1080, 1061)
(1080, 1061)
(1080, 1061)
(1080, 1061)
(1080, 1061)
(1080, 1061)
(1080, 1061)
(1080, 1061)
(1080, 1061)
(1080, 1061)
(1080, 1061)
(1080, 1061)
(1080, 1061)
(1080, 1061)
(1080, 1061)
(1080, 1061)
(1080, 1061)
(1080, 1061)
(1080, 1061)
(1080, 1061)
(1080, 1061)
(499, 993)
(499, 993)
(499, 993)
(499, 993)
(499, 993)
(499, 993)
(499, 993)
(499, 993)
(499, 993)
(499, 993)
(499, 993)
(499, 993)
(499, 993)
(499, 993)
(499, 993)
(499, 993)
(499, 993)
(499, 993)
(499, 993)
(499, 993)
(499, 993)
(499, 993)
(499, 993)
(499, 993)
(499, 993)
(499, 993)
(499, 993)
(499, 993)
(499, 993)
(499, 993)
(499, 993)
(499, 993)
(499, 993)
(499, 993)
(499, 993)
(499, 993)
(499, 993)
(499, 993)
(499, 993)
(620, 854)
(620, 854)
(620, 854)
(620, 854)
(620, 854)
(620, 854)
(620, 854)
(620, 854)
(620, 854)
(620, 854)
(620, 854)
(620, 854)
(620, 854)
(620, 854)
(620, 854)
(620, 854)
(620, 854)
(620, 854)
(620, 854)
(620, 854)
(620, 854)
(620, 854)
(620, 854)
(620, 854)
(620, 854)
(620, 854)
(620, 854)
(620, 854)
(620, 854)
(620, 854)
(620, 854)
(620, 854)
(620, 854)
(620, 854)
(620, 854)
(620, 854)
(620, 854)
(620, 854)
(490, 783)
(490, 783)
(490, 783)
(490, 783)
(490, 783)
(490, 783)
(490, 783)
(490, 783)
(490, 783)
(490, 783)
(490, 783)
(490, 783)
(490, 783)
(490, 783)
(490, 783)
(490, 783)
(490, 783)
(490, 783)
(490, 783)
(490, 783)
(490, 783)
(490, 783)
(490, 783)
(490, 783)
(490, 783)
(490, 783)
(490, 783)
(490, 783)
(490, 783)
(490, 783)
(490, 783)
(490, 783)
(455, 969)
(455, 969)
(455, 969)
(455, 969)
(455, 969)
(455, 969)
(455, 969)
(455, 969)
(455, 969)
(455, 969)
(455, 969)
(455, 969)
(455, 969)
(455, 969)
(455, 969)
(455, 969)
(455, 969)
(455, 969)
(455, 969)
(455, 969)
(455, 969)
(455, 969)
(455, 969)
(455, 969)
(455, 969)
(455, 969)
(455, 969)
(455, 969)
(455, 969)
(455, 969)
(455, 969)
(455, 969)
(455, 969)
(455, 969)
(455, 969)
(455, 969)
(455, 969)
(600, 437)
(600, 437)
(600, 437)
(600, 437)
(600, 437)
(600, 437)
(600, 437)
(600, 437)
(600, 437)
(600, 437)
(600, 437)
(600, 437)
(600, 437)
(600, 437)
(600, 437)
(600, 437)
(600, 437)
(600, 437)
(600, 437)
(600, 437)
(600, 437)
(600, 437)
(600, 437)
(600, 437)
(600, 437)
(600, 437)
(600, 437)
(600, 437)
(600, 437)
(600, 437)
(600, 437)
(600, 437)
(600, 437)
(600, 437)
(600, 437)
(600, 437)
(600, 437)
(600, 437)
(600, 437)
(600, 437)
(469, 427)
(469, 427)
(469, 427)
(469, 427)
(469, 427)
(469, 427)
(469, 427)
(469, 427)
(469, 427)
(469, 427)
(469, 427)
(469, 427)
(469, 427)
(469, 427)
(469, 427)
(469, 427)
(469, 427)
(469, 427)
(469, 427)
(469, 427)
(469, 427)
(469, 427)
(469, 427)
(469, 427)
(469, 427)
(469, 427)
(469, 427)
(469, 427)
(469, 427)
(469, 427)
(469, 427)
(469, 427)
(469, 427)
(469, 427)
(469, 427)
(469, 427)
(469, 427)
(469, 427)
(469, 427)
(469, 427)
(467, 338)
(467, 338)
(467, 338)
(467, 338)
(467, 338)
(467, 338)
(467, 338)
(467, 338)
(467, 338)
(467, 338)
(467, 338)
(467, 338)
(467, 338)
(467, 338)
(467, 338)
(467, 338)
(467, 338)
(467, 338)
(467, 338)
(467, 338)
(467, 338)
(467, 338)
(467, 338)
(467, 338)
(467, 338)
(467, 338)
(467, 338)
(467, 338)
(467, 338)
(467, 338)
(467, 338)
(467, 338)
(467, 338)
(467, 338)
(467, 338)
(467, 338)
(467, 338)
(467, 338)
(467, 338)
(467, 338)
(626, 276)
(626, 276)
(626, 276)
(626, 276)
(626, 276)
(626, 276)
(626, 276)
(626, 276)
(626, 276)
(626, 276)
(626, 276)
(626, 276)
(626, 276)
(626, 276)
(626, 276)
(626, 276)
(626, 276)
(626, 276)
(626, 276)
(626, 276)
(626, 276)
(626, 276)
(626, 276)
(626, 276)
(626, 276)
(626, 276)
(626, 276)
(626, 276)
(626, 276)
(626, 276)
(626, 276)
(626, 276)
(626, 276)
(626, 276)
(626, 276)
(626, 276)
(626, 276)
(626, 276)
(626, 276)
(626, 276)
(914, 314)
(914, 314)
(914, 314)
(914, 314)
(914, 314)
(914, 314)
(914, 314)
(914, 314)
(914, 314)
(914, 314)
(914, 314)
(914, 314)
(914, 314)
(914, 314)
(914, 314)
(914, 314)
(914, 314)
(914, 314)
(914, 314)
(914, 314)
(914, 314)
(914, 314)
(914, 314)
(914, 314)
(914, 314)
(914, 314)
(914, 314)
(914, 314)
(914, 314)
(914, 314)
(914, 314)
(914, 314)
(914, 314)
(914, 314)
(914, 314)
(914, 314)
(914, 314)
(914, 314)
(914, 314)
(1193, 321)
(1193, 321)
(1193, 321)
(1193, 321)
(1193, 321)
(1193, 321)
(1193, 321)
(1193, 321)
(1193, 321)
(1193, 321)
(1193, 321)
(1193, 321)
(1193, 321)
(1193, 321)
(1193, 321)
(1193, 321)
(1193, 321)
(1193, 321)
(1193, 321)
(1193, 321)
(1193, 321)
(1193, 321)
(1193, 321)
(1193, 321)
(1193, 321)
(1193, 321)
(1193, 321)
(1193, 321)
(1193, 321)
(1193, 321)
(1193, 321)
(1193, 321)
(1193, 321)
(1193, 321)
(1193, 321)
(1193, 321)
(1193, 321)
(1193, 321)
(1193, 321)
(1193, 321)
(1264, 533)
(1264, 533)
(1264, 533)
(1264, 533)
(1264, 533)
(1264, 533)
(1264, 533)
(1264, 533)
(1264, 533)
(1264, 533)
(1264, 533)
(1264, 533)
(1264, 533)
(1264, 533)
(1264, 533)
(1264, 533)
(1264, 533)
(1264, 533)
(1264, 533)
(1264, 533)
(1264, 533)
(1264, 533)
(1264, 533)
(1264, 533)
(1264, 533)
(1264, 533)
(1264, 533)
(1264, 533)
(1264, 533)
(1264, 533)
(1264, 533)
(1264, 533)
(1264, 533)
(1264, 533)
(1264, 533)
(1264, 533)
(1264, 533)
(1264, 533)
(1264, 533)
(1264, 533)
(1274, 941)
(1274, 941)
(1274, 941)
(1274, 941)
(1274, 941)
(1274, 941)
(1274, 941)
(1274, 941)
(1274, 941)
(1274, 941)
(1274, 941)
(1274, 941)
(1274, 941)
(1274, 941)
(1274, 941)
(1274, 941)
(1274, 941)
(1274, 941)
(1274, 941)
(1274, 941)
(1274, 941)
(1274, 941)
(1274, 941)
(1274, 941)
(1274, 941)
(1274, 941)
(1274, 941)
(1274, 941)
(1274, 941)
(1274, 941)
(1274, 941)
(1274, 941)
(1274, 941)
(1274, 941)
(1274, 941)
(1274, 941)
(1274, 941)
(1274, 941)
(1274, 941)
(1274, 941)
(1007, 1075)
(1007, 1075)
(1007, 1075)
(1007, 1075)
(1007, 1075)
(1007, 1075)
(1007, 1075)
(1007, 1075)
(1007, 1075)
(1007, 1075)
(1007, 1075)
(1007, 1075)
(1007, 1075)
(1007, 1075)
(1007, 1075)
(1007, 1075)
(1007, 1075)
(1007, 1075)
(1007, 1075)
(1007, 1075)
(1007, 1075)
(1007, 1075)
(1007, 1075)
(1007, 1075)
(1007, 1075)
(1007, 1075)
(1007, 1075)
(1007, 1075)
(1007, 1075)
(1007, 1075)
(1007, 1075)
(1007, 1075)
(1007, 1075)
(1007, 1075)
(1007, 1075)
(1007, 1075)
(1007, 1075)
(1007, 1075)
(1007, 1075)
(1007, 1075)
(727, 1025)
(727, 1025)
(727, 1025)
(727, 1025)
(727, 1025)
(727, 1025)
(727, 1025)
(727, 1025)
(727, 1025)
(727, 1025)
(727, 1025)
(727, 1025)
(727, 1025)
(727, 1025)
(727, 1025)
(727, 1025)
(727, 1025)
(727, 1025)
(727, 1025)
(727, 1025)
(727, 1025)
(727, 1025)
(727, 1025)
(727, 1025)
(727, 1025)
(727, 1025)
(727, 1025)
(727, 1025)
(727, 1025)
(727, 1025)
(727, 1025)
(727, 1025)
(727, 1025)
(727, 1025)
(727, 1025)
(727, 1025)
(727, 1025)
(727, 1025)
(727, 1025)
(479, 994)
(479, 994)
(479, 994)
(479, 994)
(479, 994)
(479, 994)
(479, 994)
(479, 994)
(479, 994)
(479, 994)
(479, 994)
(479, 994)
(479, 994)
(479, 994)
(479, 994)
(479, 994)
(479, 994)
(479, 994)
(479, 994)
(479, 994)
(479, 994)
(479, 994)
(479, 994)
(479, 994)
(479, 994)
(479, 994)
(479, 994)
(479, 994)
(479, 994)
(479, 994)
(479, 994)
(479, 994)
(479, 994)
(479, 994)
(479, 994)
(479, 994)
(479, 994)
(479, 994)
(479, 994)
(479, 994)
(506, 939)
(506, 939)
(506, 939)
(506, 939)
(506, 939)
(506, 939)
(506, 939)
(506, 939)
(506, 939)
(506, 939)
(506, 939)
(506, 939)
(506, 939)
(506, 939)
(506, 939)
(506, 939)
(506, 939)
(506, 939)
(506, 939)
(506, 939)
(506, 939)
(506, 939)
(506, 939)
(506, 939)
(506, 939)
(506, 939)
(506, 939)
(506, 939)
(506, 939)
(506, 939)
(506, 939)
(506, 939)
(506, 939)
(506, 939)
(506, 939)
(506, 939)
(506, 939)
(506, 939)
(506, 939)
(506, 939)
(644, 713)
(644, 713)
(644, 713)
(644, 713)
(644, 713)
(644, 713)
(644, 713)
(644, 713)
(644, 713)
(644, 713)
(644, 713)
(644, 713)
(644, 713)
(644, 713)
(644, 713)
(644, 713)
(644, 713)
(644, 713)
(644, 713)
(644, 713)
(644, 713)
(644, 713)
(644, 713)
(644, 713)
(644, 713)
(644, 713)
(644, 713)
(644, 713)
(644, 713)
(644, 713)
(644, 713)
(644, 713)
(644, 713)
(644, 713)
(644, 713)
(644, 713)
(644, 713)
(644, 713)
(644, 713)
(644, 713)
(913, 678)
(913, 678)
(913, 678)
(913, 678)
(913, 678)
(913, 678)
(913, 678)
(913, 678)
(913, 678)
(913, 678)
(913, 678)
(913, 678)
(913, 678)
(913, 678)
(913, 678)
(913, 678)
(913, 678)
(913, 678)
(913, 678)
(913, 678)
(913, 678)
(913, 678)
(913, 678)
(913, 678)
(913, 678)
(913, 678)
(913, 678)
(913, 678)
(913, 678)
(913, 678)
(913, 678)
(913, 678)
(913, 678)
(913, 678)
(913, 678)
(1076, 569)
(1076, 569)
(1076, 569)
(1076, 569)
(1076, 569)
(1076, 569)
(1076, 569)
(1076, 569)
(1076, 569)
(1076, 569)
(1076, 569)
(1076, 569)
(1076, 569)
(1076, 569)
(1076, 569)
(1076, 569)
(1076, 569)
(1076, 569)
(1076, 569)
(1076, 569)
(1076, 569)
(1076, 569)
(1076, 569)
(1076, 569)
(1076, 569)
(1076, 569)
(1076, 569)
(1076, 569)
(1076, 569)
(1076, 569)
(1076, 569)
(1076, 569)
(1076, 569)
(1076, 569)
(1076, 569)
(1076, 569)
(1076, 569)
(1076, 569)
(1076, 569)
(1076, 569)
(1183, 366)
(1183, 366)
(1183, 366)
(1183, 366)
(1183, 366)
(1183, 366)
(1183, 366)
(1183, 366)
(1183, 366)
(1183, 366)
(1183, 366)
(1183, 366)
(1183, 366)
(1183, 366)
(1183, 366)
(1183, 366)
(1183, 366)
(1183, 366)
(1183, 366)
(1183, 366)
(1183, 366)
(1183, 366)
(1183, 366)
(1183, 366)
(1183, 366)
(1183, 366)
(1183, 366)
(1183, 366)
(1183, 366)
(1183, 366)
(1183, 366)
(1183, 366)
(1183, 366)
(1183, 366)
(1183, 366)
(1183, 366)
(1183, 366)
(1183, 366)
(1183, 366)
(1183, 366)
(1106, 271)
(1106, 271)
(1106, 271)
(1106, 271)
(1106, 271)
(1106, 271)
(1106, 271)
(1106, 271)
(1106, 271)
(1106, 271)
(1106, 271)
(1106, 271)
(1106, 271)
(1106, 271)
(1106, 271)
(1106, 271)
(1106, 271)
(1106, 271)
(1106, 271)
(1106, 271)
(1106, 271)
(1106, 271)
(1106, 271)
(1106, 271)
(1106, 271)
(1106, 271)
(1106, 271)
(1106, 271)
(1106, 271)
(1106, 271)
(1106, 271)
(1106, 271)
(1106, 271)
(1106, 271)
(1106, 271)
(1106, 271)
(1106, 271)
(1106, 271)
(1106, 271)
(1106, 271)
(1180, 235)
(1180, 235)
(1180, 235)
(1180, 235)
(1180, 235)
(1180, 235)
(1180, 235)
(1180, 235)
(1180, 235)
(1180, 235)
(1180, 235)
(1180, 235)
(1180, 235)
(1180, 235)
(1180, 235)
(1180, 235)
(1180, 235)
(1180, 235)
(1180, 235)
(1180, 235)
(1180, 235)
(1180, 235)
(1180, 235)
(1180, 235)
(1180, 235)
(1180, 235)
(1180, 235)
(1180, 235)
(1180, 235)
(1180, 235)
(1180, 235)
(1180, 235)
(1180, 235)
(1180, 235)
(1180, 235)
(1180, 235)
(1180, 235)
(1180, 235)
(1180, 235)
(1180, 235)
(860, 357)
(860, 357)
(860, 357)
(860, 357)
(860, 357)
(860, 357)
(860, 357)
(860, 357)
(860, 357)
(860, 357)
(860, 357)
(860, 357)
(860, 357)
(860, 357)
(860, 357)
(860, 357)
(860, 357)
(860, 357)
(860, 357)
(860, 357)
(860, 357)
(860, 357)
(860, 357)
(860, 357)
(860, 357)
(860, 357)
(860, 357)
(860, 357)
(860, 357)
(860, 357)
(860, 357)
(860, 357)
(860, 357)
(860, 357)
(860, 357)
(860, 357)
(860, 357)
(860, 357)
(860, 357)
(860, 357)
(813, 681)
(813, 681)
(813, 681)
(813, 681)
(813, 681)
(813, 681)
(813, 681)
(813, 681)
(813, 681)
(813, 681)
(813, 681)
(813, 681)
(813, 681)
(813, 681)
(813, 681)
(813, 681)
(813, 681)
(813, 681)
(813, 681)
(813, 681)
(813, 681)
(813, 681)
(813, 681)
(813, 681)
(813, 681)
(813, 681)
(813, 681)
(813, 681)
(813, 681)
(813, 681)
(813, 681)
(813, 681)
(813, 681)
(813, 681)
(813, 681)
(813, 681)
(813, 681)
(813, 681)
(813, 681)
(813, 681)
(874, 786)
(874, 786)
(874, 786)
(874, 786)
(874, 786)
(874, 786)
(874, 786)
(874, 786)
(874, 786)
(874, 786)
(874, 786)
(874, 786)
(874, 786)
(874, 786)
(874, 786)
(874, 786)
(874, 786)
(874, 786)
(874, 786)
(874, 786)
(874, 786)
(874, 786)
(874, 786)
(874, 786)
(874, 786)
(874, 786)
(874, 786)
(874, 786)
(874, 786)
(874, 786)
(874, 786)
(874, 786)
(874, 786)
(874, 786)
(874, 786)
(874, 786)
(874, 786)
(874, 786)
(874, 786)
(874, 786)
(981, 1016)
(981, 1016)
(981, 1016)
(981, 1016)
(981, 1016)
(981, 1016)
(981, 1016)
(981, 1016)
(981, 1016)
(981, 1016)
(981, 1016)
(981, 1016)
(981, 1016)
(981, 1016)
(981, 1016)
(981, 1016)
(981, 1016)
(981, 1016)
(981, 1016)
(981, 1016)
(981, 1016)
(981, 1016)
(981, 1016)
(981, 1016)
(981, 1016)
(981, 1016)
(981, 1016)
(981, 1016)
(981, 1016)
(981, 1016)
(981, 1016)
(981, 1016)
(981, 1016)
(981, 1016)
(981, 1016)
(981, 1016)
(981, 1016)
(981, 1016)
(981, 1016)
(771, 1040)
(771, 1040)
(771, 1040)
(771, 1040)
(771, 1040)
(771, 1040)
(771, 1040)
(771, 1040)
(771, 1040)
(771, 1040)
(771, 1040)
(771, 1040)
(771, 1040)
(771, 1040)
(771, 1040)
(771, 1040)
(771, 1040)
(771, 1040)
(771, 1040)
(771, 1040)
(771, 1040)
(771, 1040)
(771, 1040)
(771, 1040)
(771, 1040)
(771, 1040)
(771, 1040)
(771, 1040)
(771, 1040)
(771, 1040)
(771, 1040)
(771, 1040)
(771, 1040)
(771, 1040)
(771, 1040)
(771, 1040)
(771, 1040)
(771, 1040)
(771, 1040)
(771, 1040)
(1060, 896)
(1060, 896)
(1060, 896)
(1060, 896)
(1060, 896)
(1060, 896)
(1060, 896)
(1060, 896)
(1060, 896)
(1060, 896)
(1060, 896)
(1060, 896)
(1060, 896)
(1060, 896)
(1060, 896)
(1060, 896)
(1060, 896)
(1060, 896)
(1060, 896)
(1060, 896)
(1060, 896)
(1060, 896)
(1060, 896)
(1060, 896)
(1060, 896)
(1060, 896)
(1060, 896)
(1060, 896)
(1060, 896)
(1060, 896)
(1060, 896)
(1060, 896)
(1060, 896)
(1060, 896)
(1060, 896)
(1060, 896)
(1060, 896)
(1176, 927)
(1176, 927)
(1176, 927)
(1176, 927)
(1176, 927)
(1176, 927)
(1176, 927)
(1176, 927)
(1176, 927)
(1176, 927)
(1176, 927)
(1176, 927)
(1176, 927)
(1176, 927)
(1176, 927)
(1176, 927)
(1176, 927)
(1176, 927)
(1176, 927)
(1176, 927)
(1176, 927)
(1176, 927)
(1176, 927)
(1176, 927)
(1176, 927)
(1176, 927)
(1176, 927)
(1176, 927)
(1176, 927)
(1176, 927)
(1176, 927)
(1176, 927)
(1176, 927)
(1176, 927)
(1176, 927)
(1176, 927)
(1176, 927)
(1176, 927)
(1176, 927)
(1176, 927)
(1193, 1053)
(1193, 1053)
(1193, 1053)
(1193, 1053)
(1193, 1053)
(1193, 1053)
(1193, 1053)
(1193, 1053)
(1193, 1053)
(1193, 1053)
(1193, 1053)
(1193, 1053)
(1193, 1053)
(1193, 1053)
(1193, 1053)
(1193, 1053)
(1193, 1053)
(1193, 1053)
(1193, 1053)
(1193, 1053)
(1193, 1053)
(1193, 1053)
(1193, 1053)
(1193, 1053)
(1193, 1053)
(1193, 1053)
(1193, 1053)
(1193, 1053)
(1193, 1053)
(1193, 1053)
(1193, 1053)
(1193, 1053)
(1193, 1053)
(1193, 1053)
(1193, 1053)
(1193, 1053)
(1193, 1053)
(1193, 1053)
(1193, 1053)
(1125, 957)
(1125, 957)
(1125, 957)
(1125, 957)
(1125, 957)
(1125, 957)
(1125, 957)
(1125, 957)
(1125, 957)
(1125, 957)
(1125, 957)
(1125, 957)
(1125, 957)
(1125, 957)
(1125, 957)
(1125, 957)
(1125, 957)
(1125, 957)
(1125, 957)
(1125, 957)
(1125, 957)
(1125, 957)
(1125, 957)
(1125, 957)
(1125, 957)
(1125, 957)
(1125, 957)
(1125, 957)
(1125, 957)
(1125, 957)
(1125, 957)
(1125, 957)
(1125, 957)
(1125, 957)
(1125, 957)
(1125, 957)
(1125, 957)
(1125, 957)
(1125, 957)
(1246, 806)
(1246, 806)
(1246, 806)
(1246, 806)
(1246, 806)
(1246, 806)
(1246, 806)
(1246, 806)
(1246, 806)
(1246, 806)
(1246, 806)
(1246, 806)
(1246, 806)
(1246, 806)
(1246, 806)
(1246, 806)
(1246, 806)
(1246, 806)
(1246, 806)
(1246, 806)
(1246, 806)
(1246, 806)
(1246, 806)
(1246, 806)
(1246, 806)
(1246, 806)
(1246, 806)
(1246, 806)
(1246, 806)
(1246, 806)
(1246, 806)
(1246, 806)
(1246, 806)
(1246, 806)
(1246, 806)
(1246, 806)
(1246, 806)
(1246, 806)
(1246, 806)
(1246, 806)
(1145, 654)
(1145, 654)
(1145, 654)
(1145, 654)
(1145, 654)
(1145, 654)
(1145, 654)
(1145, 654)
(1145, 654)
(1145, 654)
(1145, 654)
(1145, 654)
(1145, 654)
(1145, 654)
(1145, 654)
(1145, 654)
(1145, 654)
(1145, 654)
(1145, 654)
(1145, 654)
(1145, 654)
(1145, 654)
(1145, 654)
(1145, 654)
(1145, 654)
(1145, 654)
(1145, 654)
(1145, 654)
(1145, 654)
(1145, 654)
(1145, 654)
(1145, 654)
(1145, 654)
(1145, 654)
(1145, 654)
(1145, 654)
(1145, 654)
(1145, 654)
(1145, 654)
(1145, 654)
(793, 320)
(793, 320)
(793, 320)
(793, 320)
(793, 320)
(793, 320)
(793, 320)
(793, 320)
(793, 320)
(793, 320)
(793, 320)
(793, 320)
(793, 320)
(793, 320)
(793, 320)
(793, 320)
(793, 320)
(793, 320)
(793, 320)
(793, 320)
(793, 320)
(793, 320)
(793, 320)
(793, 320)
(793, 320)
(793, 320)
(793, 320)
(793, 320)
(793, 320)
(793, 320)
(793, 320)
(793, 320)
(793, 320)
(793, 320)
(793, 320)
(793, 320)
(793, 320)
(793, 320)
(793, 320)
(793, 320)
(628, 449)
(628, 449)
(628, 449)
(628, 449)
(628, 449)
(628, 449)
(628, 449)
(628, 449)
(628, 449)
(628, 449)
(628, 449)
(628, 449)
(628, 449)
(628, 449)
(628, 449)
(628, 449)
(628, 449)
(628, 449)
(628, 449)
(628, 449)
(628, 449)
(628, 449)
(628, 449)
(628, 449)
(628, 449)
(628, 449)
(628, 449)
(628, 449)
(628, 449)
(628, 449)
(628, 449)
(628, 449)
(628, 449)
(628, 449)
(628, 449)
(628, 449)
(628, 449)
(628, 449)
(628, 449)
(628, 449)
(429, 257)
(429, 257)
(429, 257)
(429, 257)
(429, 257)
(429, 257)
(429, 257)
(429, 257)
(429, 257)
(429, 257)
(429, 257)
(429, 257)
(429, 257)
(429, 257)
(429, 257)
(429, 257)
(429, 257)
(429, 257)
(429, 257)
(429, 257)
(429, 257)
(429, 257)
(429, 257)
(429, 257)
(429, 257)
(429, 257)
(429, 257)
(429, 257)
(429, 257)
(429, 257)
(429, 257)
(429, 257)
(429, 257)
(429, 257)
(429, 257)
(429, 257)
(429, 257)
(429, 257)
(689, 295)
(689, 295)
(689, 295)
(689, 295)
(689, 295)
(689, 295)
(689, 295)
(689, 295)
(689, 295)
(689, 295)
(689, 295)
(689, 295)
(689, 295)
(689, 295)
(689, 295)
(689, 295)
(689, 295)
(689, 295)
(689, 295)
(689, 295)
(689, 295)
(689, 295)
(689, 295)
(689, 295)
(689, 295)
(689, 295)
(689, 295)
(689, 295)
(689, 295)
(689, 295)
(689, 295)
(689, 295)
(689, 295)
(689, 295)
(689, 295)
(689, 295)
(689, 295)
(689, 295)
(689, 295)
(689, 295)
(415, 606)
(415, 606)
(415, 606)
(415, 606)
(415, 606)
(415, 606)
(415, 606)
(415, 606)
(415, 606)
(415, 606)
(415, 606)
(415, 606)
(415, 606)
(415, 606)
(415, 606)
(415, 606)
(415, 606)
(415, 606)
(415, 606)
(415, 606)
(415, 606)
(415, 606)
(415, 606)
(415, 606)
(415, 606)
(415, 606)
(415, 606)
(415, 606)
(415, 606)
(415, 606)
(415, 606)
(415, 606)
(415, 606)
(415, 606)
(415, 606)
(415, 606)
(415, 606)
(415, 606)
(415, 606)
(415, 606)
(944, 296)
(944, 296)
(944, 296)
(944, 296)
(944, 296)
(944, 296)
(944, 296)
(944, 296)
(944, 296)
(944, 296)
(944, 296)
(944, 296)
(944, 296)
(944, 296)
(944, 296)
(944, 296)
(944, 296)
(944, 296)
(944, 296)
(944, 296)
(944, 296)
(944, 296)
(944, 296)
(944, 296)
(944, 296)
(944, 296)
(944, 296)
(944, 296)
(944, 296)
(944, 296)
(944, 296)
(944, 296)
(944, 296)
(944, 296)
(944, 296)
(944, 296)
(576, 886)
(576, 886)
(576, 886)
(576, 886)
(576, 886)
(887, 1021)
(603, 767)
(603, 767)
(603, 767)
(603, 767)
(603, 767)
(603, 767)
(603, 767)
(603, 767)
(603, 767)
(603, 767)
(603, 767)
(603, 767)
(603, 767)
(603, 767)
(603, 767)
(603, 767)
(603, 767)
(603, 767)
(603, 767)
(603, 767)
(603, 767)
(603, 767)
(603, 767)
(603, 767)
(603, 767)
(603, 767)
(603, 767)
(603, 767)
(603, 767)
(603, 767)
(603, 767)
(603, 767)
(603, 767)
(603, 767)
(603, 767)
(603, 767)
(603, 767)
(603, 767)
(603, 767)
(603, 767)
(510, 940)
(510, 940)
(510, 940)
(510, 940)
(510, 940)
(510, 940)
(510, 940)
(510, 940)
(510, 940)
(510, 940)
(510, 940)
(510, 940)
(510, 940)
(510, 940)
(510, 940)
(510, 940)
(510, 940)
(510, 940)
(510, 940)
(510, 940)
(510, 940)
(510, 940)
(510, 940)
(510, 940)
(510, 940)
(510, 940)
(510, 940)
(510, 940)
(510, 940)
(510, 940)
(510, 940)
(510, 940)
(510, 940)
(510, 940)
(510, 940)
(510, 940)
(510, 940)
(428, 1096)
(428, 1096)
(428, 1096)
(428, 1096)
(428, 1096)
(428, 1096)
(428, 1096)
(428, 1096)
(428, 1096)
(428, 1096)
(428, 1096)
(428, 1096)
(428, 1096)
(428, 1096)
(428, 1096)
(428, 1096)
(428, 1096)
(428, 1096)
(428, 1096)
(428, 1096)
(428, 1096)
(428, 1096)
(428, 1096)
(428, 1096)
(428, 1096)
(428, 1096)
(428, 1096)
(428, 1096)
(428, 1096)
(428, 1096)
(428, 1096)
(428, 1096)
(428, 1096)
(428, 1096)
(428, 1096)
(557, 932)
(557, 932)
(557, 932)
(557, 932)
(557, 932)
(557, 932)
(557, 932)
(557, 932)
(557, 932)
(557, 932)
(557, 932)
(557, 932)
(557, 932)
(557, 932)
(557, 932)
(557, 932)
(557, 932)
(557, 932)
(557, 932)
(557, 932)
(557, 932)
(557, 932)
(557, 932)
(557, 932)
(557, 932)
(557, 932)
(557, 932)
(557, 932)
(557, 932)
(557, 932)
(557, 932)
(557, 932)
(557, 932)
(557, 932)
(557, 932)
(557, 932)
(557, 932)
(557, 932)
(557, 932)
(1023, 496)
(1023, 496)
(1023, 496)
(1023, 496)
(1023, 496)
(1023, 496)
(1023, 496)
(1023, 496)
(1023, 496)
(1023, 496)
(1023, 496)
(1023, 496)
(1023, 496)
(1023, 496)
(1023, 496)
(1023, 496)
(1023, 496)
(1023, 496)
(1023, 496)
(1023, 496)
(1023, 496)
(1023, 496)
(1023, 496)
(1023, 496)
(1023, 496)
(1023, 496)
(1023, 496)
(1023, 496)
(1023, 496)
(1023, 496)
(1023, 496)
(1023, 496)
(1023, 496)
(1023, 496)
(1023, 496)
(1023, 496)
(1023, 496)
(1023, 496)
(1023, 496)
(987, 282)
(987, 282)
(987, 282)
(987, 282)
(987, 282)
(987, 282)
(987, 282)
(987, 282)
(987, 282)
(987, 282)
(987, 282)
(987, 282)
(987, 282)
(987, 282)
(987, 282)
(987, 282)
(987, 282)
(987, 282)
(987, 282)
(987, 282)
(987, 282)
(987, 282)
(987, 282)
(987, 282)
(987, 282)
(987, 282)
(987, 282)
(987, 282)
(987, 282)
(987, 282)
(987, 282)
(987, 282)
(987, 282)
(987, 282)
(987, 282)
(987, 282)
(987, 282)
(987, 282)
(987, 282)
(987, 282)
(950, 303)
(950, 303)
(950, 303)
(950, 303)
(950, 303)
(950, 303)
(950, 303)
(950, 303)
(950, 303)
(950, 303)
(950, 303)
(950, 303)
(950, 303)
(950, 303)
(950, 303)
(950, 303)
(950, 303)
(950, 303)
(950, 303)
(950, 303)
(950, 303)
(950, 303)
(950, 303)
(950, 303)
(950, 303)
(950, 303)
(950, 303)
(950, 303)
(950, 303)
(950, 303)
(950, 303)
(950, 303)
(950, 303)
(950, 303)
(950, 303)
(950, 303)
(950, 303)
(950, 303)
(950, 303)
(950, 303)
(492, 317)
(492, 317)
(492, 317)
(492, 317)
(492, 317)
(492, 317)
(492, 317)
(492, 317)
(492, 317)
(492, 317)
(492, 317)
(492, 317)
(492, 317)
(492, 317)
(492, 317)
(492, 317)
(492, 317)
(492, 317)
(492, 317)
(492, 317)
(492, 317)
(492, 317)
(492, 317)
(492, 317)
(492, 317)
(492, 317)
(492, 317)
(492, 317)
(492, 317)
(492, 317)
(492, 317)
(492, 317)
(492, 317)
(492, 317)
(492, 317)
(492, 317)
(492, 317)
(492, 317)
(492, 317)
(492, 317)
(478, 298)
(478, 298)
(478, 298)
(478, 298)
(478, 298)
(478, 298)
(478, 298)
(478, 298)
(478, 298)
(478, 298)
(478, 298)
(478, 298)
(478, 298)
(478, 298)
(478, 298)
(478, 298)
(478, 298)
(478, 298)
(478, 298)
(478, 298)
(478, 298)
(478, 298)
(478, 298)
(478, 298)
(478, 298)
(478, 298)
(478, 298)
(478, 298)
(478, 298)
(478, 298)
(478, 298)
(478, 298)
(478, 298)
(478, 298)
(478, 298)
(478, 298)
(478, 298)
(478, 298)
(478, 298)
(478, 298)
(430, 246)
(430, 246)
(430, 246)
(430, 246)
(430, 246)
(430, 246)
(430, 246)
(430, 246)
(430, 246)
(430, 246)
(430, 246)
(430, 246)
(430, 246)
(430, 246)
(430, 246)
(430, 246)
(430, 246)
(430, 246)
(430, 246)
(430, 246)
(430, 246)
(430, 246)
(430, 246)
(430, 246)
(430, 246)
(430, 246)
(430, 246)
(430, 246)
(430, 246)
(430, 246)
(430, 246)
(430, 246)
(430, 246)
(430, 246)
(430, 246)
(430, 246)
(430, 246)
(430, 246)
(430, 246)
(430, 246)
(492, 583)
(492, 583)
(492, 583)
(492, 583)
(492, 583)
(492, 583)
(492, 583)
(492, 583)
(492, 583)
(492, 583)
(492, 583)
(492, 583)
(492, 583)
(492, 583)
(492, 583)
(492, 583)
(492, 583)
(492, 583)
(492, 583)
(492, 583)
(492, 583)
(492, 583)
(492, 583)
(492, 583)
(492, 583)
(492, 583)
(492, 583)
(492, 583)
(492, 583)
(492, 583)
(492, 583)
(492, 583)
(492, 583)
(492, 583)
(492, 583)
(492, 583)
(492, 583)
(492, 583)
(492, 583)
(492, 583)
(774, 762)
(774, 762)
(774, 762)
(774, 762)
(774, 762)
(774, 762)
(774, 762)
(774, 762)
(774, 762)
(774, 762)
(774, 762)
(774, 762)
(774, 762)
(774, 762)
(774, 762)
(774, 762)
(774, 762)
(774, 762)
(774, 762)
(774, 762)
(774, 762)
(774, 762)
(774, 762)
(774, 762)
(774, 762)
(774, 762)
(774, 762)
(774, 762)
(774, 762)
(774, 762)
(774, 762)
(774, 762)
(774, 762)
(774, 762)
(774, 762)
(774, 762)
(774, 762)
(774, 762)
(774, 762)
(774, 762)
(1204, 879)
(1204, 879)
(1204, 879)
(1204, 879)
(1204, 879)
(1204, 879)
(1204, 879)
(1204, 879)
(1204, 879)
(1204, 879)
(1204, 879)
(1204, 879)
(1204, 879)
(1204, 879)
(1204, 879)
(1204, 879)
(1204, 879)
(1204, 879)
(1204, 879)
(1204, 879)
(1204, 879)
(1204, 879)
(1204, 879)
(1204, 879)
(1204, 879)
(1204, 879)
(1204, 879)
(1204, 879)
(1204, 879)
(1204, 879)
(1204, 879)
(1204, 879)
(1204, 879)
(1204, 879)
(1204, 879)
(1204, 879)
(1204, 879)
(1204, 879)
(1204, 879)
(1204, 879)
(1177, 778)
(1177, 778)
(1177, 778)
(1177, 778)
(1177, 778)
(1177, 778)
(1177, 778)
(1177, 778)
(1177, 778)
(1177, 778)
(1177, 778)
(1177, 778)
(1177, 778)
(1177, 778)
(1177, 778)
(1177, 778)
(1177, 778)
(1177, 778)
(1177, 778)
(1177, 778)
(1177, 778)
(1177, 778)
(1177, 778)
(1177, 778)
(1177, 778)
(1177, 778)
(1177, 778)
(1177, 778)
(1177, 778)
(1177, 778)
(1177, 778)
(1177, 778)
(1177, 778)
(1177, 778)
(1177, 778)
(1177, 778)
(1177, 778)
(1177, 778)
(1177, 778)
(1177, 778)
(1215, 1023)
(1215, 1023)
(1215, 1023)
(1215, 1023)
(1215, 1023)
(1215, 1023)
(1215, 1023)
(1215, 1023)
(1215, 1023)
(1215, 1023)
(1215, 1023)
(1215, 1023)
(1215, 1023)
(1215, 1023)
(1215, 1023)
(1215, 1023)
(1215, 1023)
(1215, 1023)
(1215, 1023)
(1215, 1023)
(1215, 1023)
(1215, 1023)
(1215, 1023)
(1215, 1023)
(1215, 1023)
(1215, 1023)
(1215, 1023)
(1215, 1023)
(1215, 1023)
(1215, 1023)
(1215, 1023)
(1215, 1023)
(1215, 1023)
(1215, 1023)
(1215, 1023)
(1215, 1023)
(1215, 1023)
(1215, 1023)
(1215, 1023)
(1215, 1023)
(1213, 1054)
(1213, 1054)
(1213, 1054)
(1213, 1054)
(1213, 1054)
(1213, 1054)
(1213, 1054)
(1213, 1054)
(1213, 1054)
(1213, 1054)
(1213, 1054)
(1213, 1054)
(1213, 1054)
(1213, 1054)
(1213, 1054)
(1213, 1054)
(1213, 1054)
(1213, 1054)
(1213, 1054)
(1213, 1054)
(1213, 1054)
(1213, 1054)
(1213, 1054)
(1213, 1054)
(1213, 1054)
(1213, 1054)
(1213, 1054)
(1213, 1054)
(1213, 1054)
(1213, 1054)
(1213, 1054)
(1213, 1054)
(1213, 1054)
(1213, 1054)
(1213, 1054)
(1213, 1054)
(1088, 1158)
(1088, 1158)
(1088, 1158)
(1088, 1158)
(1088, 1158)
(1088, 1158)
(1088, 1158)
(1088, 1158)
(1088, 1158)
(1088, 1158)
(1088, 1158)
(1088, 1158)
(1088, 1158)
(1088, 1158)
(1088, 1158)
(1088, 1158)
(1088, 1158)
(1088, 1158)
(1088, 1158)
(1088, 1158)
(1088, 1158)
(1088, 1158)
(1088, 1158)
(1088, 1158)
(1088, 1158)
(1088, 1158)
(1088, 1158)
(1088, 1158)
(1088, 1158)
(1088, 1158)
(1088, 1158)
(1088, 1158)
(1088, 1158)
(1088, 1158)
(1088, 1158)
(1088, 1158)
(1088, 1158)
(1088, 1158)
(1088, 1158)
(1088, 1158)
(1028, 981)
(1028, 981)
(1028, 981)
(1028, 981)
(1028, 981)
(1028, 981)
(1028, 981)
(1028, 981)
(1028, 981)
(1028, 981)
(1028, 981)
(1028, 981)
(1028, 981)
(1028, 981)
(1028, 981)
(1028, 981)
(1028, 981)
(1028, 981)
(1028, 981)
(1028, 981)
(1028, 981)
(1028, 981)
(1028, 981)
(1028, 981)
(1028, 981)
(1028, 981)
(1028, 981)
(1028, 981)
(1028, 981)
(1028, 981)
(1028, 981)
(1028, 981)
(1028, 981)
(1028, 981)
(1028, 981)
(1028, 981)
(1028, 981)
(1028, 981)
(1028, 981)
(1028, 981)
(1216, 728)
(1216, 728)
(1216, 728)
(1216, 728)
(1216, 728)
(1216, 728)
(1216, 728)
(1216, 728)
(1216, 728)
(1216, 728)
(1216, 728)
(1216, 728)
(1216, 728)
(1216, 728)
(1216, 728)
(1216, 728)
(1216, 728)
(1216, 728)
(1216, 728)
(1216, 728)
(1216, 728)
(1216, 728)
(1216, 728)
(1216, 728)
(1216, 728)
(1216, 728)
(1216, 728)
(1216, 728)
(1216, 728)
(1216, 728)
(1216, 728)
(1216, 728)
(1216, 728)
(1216, 728)
(1216, 728)
(1216, 728)
(1216, 728)
(1216, 728)
(1216, 728)
(1216, 728)
(1211, 721)
(1211, 721)
(1211, 721)
(1211, 721)
(1211, 721)
(1211, 721)
(1211, 721)
(1211, 721)
(1211, 721)
(1211, 721)
(1211, 721)
(1211, 721)
(1211, 721)
(1211, 721)
(1211, 721)
(1211, 721)
(1211, 721)
(1211, 721)
(1211, 721)
(1211, 721)
(1211, 721)
(1211, 721)
(1211, 721)
(1211, 721)
(1211, 721)
(1211, 721)
(1211, 721)
(1211, 721)
(1211, 721)
(1211, 721)
(1211, 721)
(1211, 721)
(1211, 721)
(1211, 721)
(1211, 721)
(1211, 721)
(1211, 721)
(1211, 721)
(1211, 721)
(1211, 721)
(1208, 722)
(1208, 722)
(1208, 722)
(1208, 722)
(1208, 722)
(1208, 722)
(1208, 722)
(1208, 722)
(1208, 722)
(1208, 722)
(1208, 722)
(1208, 722)
(1208, 722)
(1208, 722)
(1208, 722)
(1208, 722)
(1208, 722)
(1208, 722)
(1208, 722)
(1208, 722)
(1208, 722)
(1208, 722)
(1208, 722)
(1208, 722)
(1208, 722)
(1208, 722)
(1208, 722)
(1208, 722)
(1208, 722)
(1208, 722)
(1208, 722)
(1208, 722)
(1208, 722)
(1208, 722)
(1208, 722)
(1208, 722)
(1208, 722)
(1208, 722)
(1208, 722)
(1208, 722)
(1314, 658)
(1314, 658)
(1314, 658)
(1314, 658)
(1314, 658)
(1314, 658)
(1314, 658)
(1314, 658)
(1314, 658)
(1314, 658)
(1314, 658)
(1314, 658)
(1314, 658)
(1314, 658)
(1314, 658)
(1314, 658)
(1314, 658)
(1314, 658)
(1314, 658)
(1314, 658)
(1314, 658)
(1314, 658)
(1314, 658)
(1314, 658)
(1314, 658)
(1314, 658)
(1314, 658)
(1314, 658)
(1314, 658)
(1314, 658)
(1314, 658)
(1314, 658)
(1314, 658)
(1314, 658)
(1314, 658)
(1314, 658)
(1314, 658)
(1314, 658)
(1314, 658)
(1314, 658)
(1184, 796)
(1184, 796)
(1184, 796)
(1184, 796)
(1184, 796)
(1184, 796)
(1184, 796)
(1184, 796)
(1184, 796)
(1184, 796)
(1184, 796)
(1184, 796)
(1184, 796)
(1184, 796)
(1184, 796)
(1184, 796)
(1184, 796)
(1184, 796)
(1184, 796)
(1184, 796)
(1184, 796)
(1184, 796)
(1184, 796)
(1184, 796)
(1184, 796)
(1184, 796)
(1184, 796)
(1184, 796)
(1184, 796)
(1184, 796)
(1184, 796)
(1184, 796)
(1184, 796)
(1184, 796)
(1184, 796)
(1184, 796)
(1184, 796)
(1184, 796)
(1184, 796)
(1184, 796)
(1245, 738)
(1245, 738)
(1245, 738)
(1245, 738)
(1245, 738)
(1245, 738)
(1245, 738)
(1245, 738)
(1245, 738)
(1245, 738)
(1245, 738)
(1245, 738)
(1245, 738)
(1245, 738)
(1245, 738)
(1245, 738)
(1245, 738)
(1245, 738)
(1245, 738)
(1245, 738)
(1245, 738)
(1245, 738)
(1245, 738)
(1245, 738)
(1245, 738)
(1245, 738)
(1245, 738)
(888, 854)
(888, 854)
(888, 854)
(888, 854)
(562, 700)
(955, 360)
(955, 360)
(955, 360)
(955, 360)
(955, 360)
(955, 360)
(955, 360)
(955, 360)
(955, 360)
(955, 360)
(955, 360)
(955, 360)
(955, 360)
(955, 360)
(955, 360)
(955, 360)
(955, 360)
(955, 360)
(955, 360)
(955, 360)
(955, 360)
(955, 360)
(955, 360)
(955, 360)
(955, 360)
(955, 360)
(955, 360)
(955, 360)
(955, 360)
(955, 360)
(955, 360)
(955, 360)
(955, 360)
(955, 360)
(955, 360)
(955, 360)
(955, 360)
(955, 360)
(955, 360)
(955, 360)
(958, 391)
(958, 391)
(958, 391)
(958, 391)
(958, 391)
(958, 391)
(958, 391)
(958, 391)
(958, 391)
(958, 391)
(958, 391)
(958, 391)
(958, 391)
(958, 391)
(958, 391)
(958, 391)
(958, 391)
(958, 391)
(958, 391)
(958, 391)
(958, 391)
(958, 391)
(958, 391)
(958, 391)
(958, 391)
(958, 391)
(958, 391)
(958, 391)
(958, 391)
(958, 391)
(958, 391)
(958, 391)
(958, 391)
(958, 391)
(958, 391)
(958, 391)
(958, 391)
(958, 391)
(958, 391)
(1185, 424)
(1185, 424)
(1185, 424)
(1185, 424)
(1185, 424)
(1185, 424)
(1185, 424)
(1185, 424)
(1185, 424)
(1185, 424)
(1185, 424)
(1185, 424)
(1185, 424)
(1185, 424)
(1185, 424)
(1185, 424)
(1185, 424)
(1185, 424)
(1185, 424)
(1185, 424)
(1185, 424)
(1185, 424)
(1185, 424)
(1185, 424)
(1185, 424)
(1185, 424)
(1185, 424)
(1185, 424)
(1185, 424)
(1185, 424)
(1185, 424)
(1185, 424)
(1185, 424)
(1185, 424)
(1185, 424)
(1185, 424)
(1185, 424)
(1185, 424)
(1185, 424)
(1185, 424)
(1186, 899)
(1186, 899)
(1186, 899)
(1186, 899)
(1186, 899)
(1186, 899)
(1186, 899)
(1186, 899)
(1186, 899)
(1186, 899)
(1186, 899)
(1186, 899)
(1186, 899)
(1186, 899)
(1186, 899)
(1186, 899)
(1186, 899)
(1186, 899)
(1186, 899)
(1186, 899)
(1186, 899)
(1186, 899)
(1186, 899)
(1186, 899)
(1186, 899)
(1186, 899)
(1186, 899)
(1186, 899)
(1186, 899)
(1186, 899)
(1186, 899)
(1186, 899)
(1186, 899)
(1186, 899)
(1186, 899)
(1186, 899)
(1186, 899)
(1186, 899)
(1186, 899)
(1186, 899)
(1103, 1069)
(1103, 1069)
(1103, 1069)
(1103, 1069)
(1103, 1069)
(1103, 1069)
(1103, 1069)
(1103, 1069)
(1103, 1069)
(1103, 1069)
(1103, 1069)
(1103, 1069)
(1103, 1069)
(1103, 1069)
(1103, 1069)
(1103, 1069)
(1103, 1069)
(1103, 1069)
(1103, 1069)
(1103, 1069)
(1103, 1069)
(1103, 1069)
(1103, 1069)
(1103, 1069)
(1103, 1069)
(1103, 1069)
(1103, 1069)
(1103, 1069)
(1103, 1069)
(1103, 1069)
(1103, 1069)
(1103, 1069)
(1103, 1069)
(1103, 1069)
(1103, 1069)
(1103, 1069)
(1103, 1069)
(1103, 1069)
(1103, 1069)
(1103, 1069)
(692, 1082)
(692, 1082)
(692, 1082)
(692, 1082)
(692, 1082)
(692, 1082)
(692, 1082)
(692, 1082)
(692, 1082)
(692, 1082)
(692, 1082)
(692, 1082)
(692, 1082)
(692, 1082)
(692, 1082)
(692, 1082)
(692, 1082)
(692, 1082)
(692, 1082)
(692, 1082)
(692, 1082)
(692, 1082)
(692, 1082)
(692, 1082)
(692, 1082)
(692, 1082)
(692, 1082)
(692, 1082)
(692, 1082)
(692, 1082)
(692, 1082)
(692, 1082)
(692, 1082)
(692, 1082)
(692, 1082)
(692, 1082)
(692, 1082)
(692, 1082)
(488, 924)
(488, 924)
(488, 924)
(488, 924)
(488, 924)
(488, 924)
(488, 924)
(488, 924)
(488, 924)
(488, 924)
(488, 924)
(488, 924)
(488, 924)
(488, 924)
(488, 924)
(488, 924)
(488, 924)
(488, 924)
(488, 924)
(488, 924)
(488, 924)
(488, 924)
(488, 924)
(488, 924)
(488, 924)
(488, 924)
(488, 924)
(488, 924)
(488, 924)
(488, 924)
(488, 924)
(488, 924)
(488, 924)
(488, 924)
(488, 924)
(488, 924)
(488, 924)
(488, 924)
(488, 924)
(488, 924)
(492, 986)
(492, 986)
(492, 986)
(492, 986)
(492, 986)
(492, 986)
(492, 986)
(492, 986)
(492, 986)
(492, 986)
(492, 986)
(492, 986)
(492, 986)
(492, 986)
(492, 986)
(492, 986)
(492, 986)
(492, 986)
(492, 986)
(492, 986)
(492, 986)
(492, 986)
(492, 986)
(492, 986)
(492, 986)
(492, 986)
(492, 986)
(492, 986)
(492, 986)
(492, 986)
(492, 986)
(492, 986)
(492, 986)
(492, 986)
(492, 986)
(492, 986)
(492, 986)
(492, 986)
(492, 986)
(492, 986)
(711, 973)
(711, 973)
(711, 973)
(711, 973)
(711, 973)
(711, 973)
(711, 973)
(711, 973)
(711, 973)
(711, 973)
(711, 973)
(711, 973)
(711, 973)
(711, 973)
(711, 973)
(711, 973)
(711, 973)
(711, 973)
(711, 973)
(711, 973)
(711, 973)
(711, 973)
(711, 973)
(711, 973)
(711, 973)
(711, 973)
(711, 973)
(711, 973)
(711, 973)
(711, 973)
(711, 973)
(711, 973)
(982, 920)
(982, 920)
(982, 920)
(982, 920)
(982, 920)
(982, 920)
(982, 920)
(982, 920)
(982, 920)
(982, 920)
(982, 920)
(982, 920)
(982, 920)
(982, 920)
(982, 920)
(982, 920)
(982, 920)
(982, 920)
(982, 920)
(982, 920)
(982, 920)
(982, 920)
(982, 920)
(982, 920)
(982, 920)
(982, 920)
(982, 920)
(982, 920)
(982, 920)
(982, 920)
(982, 920)
(982, 920)
(982, 920)
(982, 920)
(982, 920)
(982, 920)
(982, 920)
(982, 920)
(982, 920)
(982, 920)
(936, 824)
(936, 824)
(936, 824)
(936, 824)
(936, 824)
(936, 824)
(936, 824)
(936, 824)
(936, 824)
(936, 824)
(936, 824)
(936, 824)
(936, 824)
(936, 824)
(936, 824)
(936, 824)
(936, 824)
(936, 824)
(936, 824)
(936, 824)
(936, 824)
(936, 824)
(936, 824)
(936, 824)
(936, 824)
(936, 824)
(936, 824)
(936, 824)
(936, 824)
(936, 824)
(936, 824)
(936, 824)
(936, 824)
(936, 824)
(936, 824)
(936, 824)
(936, 824)
(936, 824)
(936, 824)
(936, 824)
(948, 333)
(948, 333)
(948, 333)
(948, 333)
(948, 333)
(948, 333)
(948, 333)
(948, 333)
(948, 333)
(948, 333)
(948, 333)
(948, 333)
(948, 333)
(948, 333)
(948, 333)
(948, 333)
(948, 333)
(948, 333)
(948, 333)
(948, 333)
(948, 333)
(948, 333)
(948, 333)
(948, 333)
(948, 333)
(948, 333)
(948, 333)
(948, 333)
(948, 333)
(948, 333)
(948, 333)
(948, 333)
(948, 333)
(948, 333)
(948, 333)
(948, 333)
(948, 333)
(948, 333)
(948, 333)
(948, 333)
(793, 202)
(793, 202)
(793, 202)
(793, 202)
(793, 202)
(793, 202)
(793, 202)
(793, 202)
(793, 202)
(793, 202)
(793, 202)
(793, 202)
(793, 202)
(793, 202)
(793, 202)
(793, 202)
(793, 202)
(793, 202)
(793, 202)
(793, 202)
(793, 202)
(793, 202)
(793, 202)
(793, 202)
(793, 202)
(793, 202)
(793, 202)
(793, 202)
(793, 202)
(793, 202)
(793, 202)
(793, 202)
(793, 202)
(793, 202)
(793, 202)
(793, 202)
(793, 202)
(793, 202)
(793, 202)
(793, 202)
(650, 361)
(650, 361)
(650, 361)
(650, 361)
(650, 361)
(650, 361)
(650, 361)
(650, 361)
(650, 361)
(650, 361)
(650, 361)
(650, 361)
(650, 361)
(650, 361)
(650, 361)
(650, 361)
(650, 361)
(650, 361)
(650, 361)
(650, 361)
(650, 361)
(650, 361)
(650, 361)
(650, 361)
(650, 361)
(650, 361)
(650, 361)
(650, 361)
(650, 361)
(650, 361)
(650, 361)
(650, 361)
(650, 361)
(650, 361)
(650, 361)
(650, 361)
(650, 361)
(650, 361)
(650, 361)
(650, 361)
(473, 319)
(473, 319)
(473, 319)
(473, 319)
(473, 319)
(473, 319)
(473, 319)
(473, 319)
(473, 319)
(473, 319)
(473, 319)
(473, 319)
(473, 319)
(473, 319)
(473, 319)
(473, 319)
(473, 319)
(473, 319)
(473, 319)
(473, 319)
(473, 319)
(473, 319)
(473, 319)
(473, 319)
(473, 319)
(473, 319)
(473, 319)
(473, 319)
(473, 319)
(473, 319)
(473, 319)
(473, 319)
(473, 319)
(473, 319)
(473, 319)
(473, 319)
(473, 319)
(473, 319)
(473, 319)
(473, 319)
(529, 368)
(529, 368)
(529, 368)
(529, 368)
(529, 368)
(529, 368)
(529, 368)
(529, 368)
(529, 368)
(529, 368)
(529, 368)
(529, 368)
(529, 368)
(529, 368)
(529, 368)
(529, 368)
(529, 368)
(529, 368)
(529, 368)
(529, 368)
(529, 368)
(529, 368)
(529, 368)
(529, 368)
(529, 368)
(529, 368)
(529, 368)
(529, 368)
(529, 368)
(529, 368)
(529, 368)
(529, 368)
(529, 368)
(529, 368)
(529, 368)
(529, 368)
(529, 368)
(529, 368)
(529, 368)
(529, 368)
(594, 408)
(594, 408)
(594, 408)
(594, 408)
(594, 408)
(594, 408)
(594, 408)
(594, 408)
(594, 408)
(594, 408)
(594, 408)
(594, 408)
(594, 408)
(594, 408)
(594, 408)
(594, 408)
(594, 408)
(594, 408)
(594, 408)
(594, 408)
(594, 408)
(594, 408)
(594, 408)
(594, 408)
(594, 408)
(594, 408)
(594, 408)
(594, 408)
(594, 408)
(594, 408)
(594, 408)
(594, 408)
(594, 408)
(594, 408)
(594, 408)
(594, 408)
(594, 408)
(594, 408)
(594, 408)
(594, 408)
(873, 584)
(873, 584)
(873, 584)
(873, 584)
(873, 584)
(873, 584)
(873, 584)
(873, 584)
(873, 584)
(873, 584)
(873, 584)
(873, 584)
(873, 584)
(873, 584)
(873, 584)
(873, 584)
(873, 584)
(873, 584)
(873, 584)
(873, 584)
(873, 584)
(873, 584)
(873, 584)
(873, 584)
(873, 584)
(873, 584)
(873, 584)
(873, 584)
(873, 584)
(873, 584)
(873, 584)
(873, 584)
(873, 584)
(873, 584)
(873, 584)
(873, 584)
(873, 584)
(873, 584)
(873, 584)
(873, 584)
(1125, 842)
(1125, 842)
(1125, 842)
(1125, 842)
(1125, 842)
(1125, 842)
(1125, 842)
(1125, 842)
(1125, 842)
(1125, 842)
(1125, 842)
(1125, 842)
(1125, 842)
(1125, 842)
(1125, 842)
(1125, 842)
(1125, 842)
(1125, 842)
(1125, 842)
(1125, 842)
(1125, 842)
(1125, 842)
(1125, 842)
(1125, 842)
(1125, 842)
(1125, 842)
(1125, 842)
(1125, 842)
(1125, 842)
(1125, 842)
(1125, 842)
(1125, 842)
(1125, 842)
(1125, 842)
(1125, 842)
(1125, 842)
(1125, 842)
(1125, 842)
(1125, 842)
(1125, 842)
(1153, 745)
(1153, 745)
(1153, 745)
(1153, 745)
(1153, 745)
(1153, 745)
(1153, 745)
(1153, 745)
(1153, 745)
(1153, 745)
(1153, 745)
(1153, 745)
(1153, 745)
(1153, 745)
(1153, 745)
(1153, 745)
(1153, 745)
(1153, 745)
(1153, 745)
(1153, 745)
(1153, 745)
(1153, 745)
(1153, 745)
(1153, 745)
(1153, 745)
(1153, 745)
(1153, 745)
(1153, 745)
(1153, 745)
(1153, 745)
(1153, 745)
(1153, 745)
(1153, 745)
(1153, 745)
(1153, 745)
(1153, 745)
(1153, 745)
(1007, 776)
(1007, 776)
(1007, 776)
(1007, 776)
(1007, 776)
(1007, 776)
(1007, 776)
(1007, 776)
(1007, 776)
(1007, 776)
(1007, 776)
(1007, 776)
(1007, 776)
(1007, 776)
(1007, 776)
(1007, 776)
(1007, 776)
(1007, 776)
(1007, 776)
(1007, 776)
(1007, 776)
(1007, 776)
(1007, 776)
(1007, 776)
(1007, 776)
(1007, 776)
(1007, 776)
(1007, 776)
(1007, 776)
(1042, 782)
(1042, 782)
(1042, 782)
(1042, 782)
(1042, 782)
(1042, 782)
(1042, 782)
(1042, 782)
(1042, 782)
(1042, 782)
(1042, 782)
(1042, 782)
(1042, 782)
(1042, 782)
(1042, 782)
(1042, 782)
(1042, 782)
(1042, 782)
(1042, 782)
(1042, 782)
(1042, 782)
(1042, 782)
(1042, 782)
(1042, 782)
(1042, 782)
(1042, 782)
(1042, 782)
(1042, 782)
(1042, 782)
(1042, 782)
(1042, 782)
(1042, 782)
(997, 789)
(997, 789)
(997, 789)
(997, 789)
(997, 789)
(997, 789)
(997, 789)
(997, 789)
(997, 789)
(997, 789)
(997, 789)
(997, 789)
(997, 789)
(997, 789)
(997, 789)
(997, 789)
(997, 789)
(997, 789)
(997, 789)
(997, 789)
(997, 789)
(997, 789)
(997, 789)
(997, 789)
(997, 789)
(997, 789)
(997, 789)
(997, 789)
(997, 789)
(997, 789)
(997, 789)
(997, 789)
(956, 848)
(956, 848)
(956, 848)
(956, 848)
(956, 848)
(956, 848)
(956, 848)
(956, 848)
(956, 848)
(956, 848)
(956, 848)
(956, 848)
(956, 848)
(956, 848)
(956, 848)
(956, 848)
(956, 848)
(956, 848)
(956, 848)
(956, 848)
(956, 848)
(956, 848)
(956, 848)
(956, 848)
(956, 848)
(956, 848)
(956, 848)
(956, 848)
(956, 848)
(956, 848)
(956, 848)
(956, 848)
(956, 848)
(956, 848)
(956, 848)
(956, 848)
(956, 848)
(956, 848)
(956, 848)
(1169, 755)
(1169, 755)
(1169, 755)
(1169, 755)
(1169, 755)
(1169, 755)
(1169, 755)
(1169, 755)
(1169, 755)
(1169, 755)
(1169, 755)
(1169, 755)
(1169, 755)
(1169, 755)
(1169, 755)
(1169, 755)
(1169, 755)
(1169, 755)
(1169, 755)
(1169, 755)
(1169, 755)
(1169, 755)
(1169, 755)
(1169, 755)
(1169, 755)
(1169, 755)
(1169, 755)
(1169, 755)
(867, 828)
(867, 828)
(867, 828)
(867, 828)
(867, 828)
(867, 828)
(867, 828)
(867, 828)
(867, 828)
(867, 828)
(867, 828)
(867, 828)
(867, 828)
(867, 828)
(867, 828)
(920, 815)
(920, 815)
(920, 815)
(920, 815)
(920, 815)
(920, 815)
(920, 815)
(920, 815)
(920, 815)
(920, 815)
(920, 815)
(920, 815)
(920, 815)
(920, 815)
(920, 815)
(920, 815)
(920, 815)
(920, 815)
(920, 815)
(920, 815)
(920, 815)
(920, 815)
(920, 815)
(920, 815)
(920, 815)
(920, 815)
(920, 815)
(920, 815)
(920, 815)
(920, 815)
(920, 815)
(920, 815)
(920, 815)
(920, 815)
(920, 815)
(920, 815)
(920, 815)
(920, 815)
(920, 815)
(920, 815)
(698, 960)
(698, 960)
(698, 960)
(698, 960)
(698, 960)
(698, 960)
(698, 960)
(698, 960)
(698, 960)
(698, 960)
(698, 960)
(698, 960)
(698, 960)
(698, 960)
(698, 960)
(698, 960)
(698, 960)
(698, 960)
(698, 960)
(698, 960)
(698, 960)
(698, 960)
(698, 960)
(698, 960)
(698, 960)
(698, 960)
(698, 960)
(698, 960)
(698, 960)
(698, 960)
(698, 960)
(698, 960)
(698, 960)
(698, 960)
(698, 960)
(698, 960)
(698, 960)
(698, 960)
(698, 960)
(698, 960)
(426, 1086)
(426, 1086)
(426, 1086)
(426, 1086)
(426, 1086)
(426, 1086)
(426, 1086)
(426, 1086)
(426, 1086)
(426, 1086)
(426, 1086)
(426, 1086)
(426, 1086)
(426, 1086)
(426, 1086)
(426, 1086)
(426, 1086)
(426, 1086)
(426, 1086)
(426, 1086)
(426, 1086)
(426, 1086)
(426, 1086)
(426, 1086)
(426, 1086)
(426, 1086)
(426, 1086)
